[NO] [./textures/wall.xpm]
[C] [50,50,50]
[SO] [./textures/floor.xpm]
[WE] [./textures/coin.xpm]
[EA] [./textures/door.xpm]
[F] [0,200,200]
[                    111111111111111111111111111111         ]
[                    100000000000000000000000000001         ]
[                    100000000000000000000000000001         ]
[                    100000000000000000000000000001         ]
[                    100000000000000000000000000001         ]
[                    100000000000000001000000000001         ]
[                    100000000000000010100000000001         ]
[                    110000000000000001000000000001         ]
[                     10000000000000000000000000001         ]
[                    111111111111111111111111111111         ]
[                                                           ]
[                                                           ]
[                    111111111111111111111111111111         ]
[                      10000000000000000000000000001        ]
[                       10000000000000000000000000001       ]
[                        10000000000000000000000000001      ]
[                         10000000000000100000000000001     ]
[                          10000000000010100000000000001    ]
[                           10000000000010000000000000001   ]
[                            10000000000000000000000000001  ]
[                             10000000000000000000000000001 ]
[                            10000000000000000000000000001  ]
[                           10000000000000000000000000001   ]
[                          10000000000000000000000000001    ]
[                          1000000000000000E000000000001    ]
[                          11111111111111111111111111111    ]
